x    |  y
0.03745068516647976, 499.4718309859156
0.03837980521831952, 492.60563380281695
2.0904486458670846, 327.8169014084508
2.0913777659189243, 320.9507042253522
2.173140330480857, 316.7253521126761
4.046961062722751, 269.19014084507046
4.166889020183348, 282.92253521126764
6.077445729859537, 263.9084507042254
6.081305151613336, 235.387323943662
6.159494177514343, 257.5704225352113
8.028669309497035, 244.36619718309868
8.070265299510188, 236.97183098591557
8.112933351121614, 221.65492957746488
10.022417999199527, 210.56338028169023
10.100535554327317, 233.27464788732402
10.101750557472032, 224.29577464788736
12.011092264003507, 214.26056338028178
12.04968648154148, 229.04929577464793
12.052759724789874, 206.33802816901414
13.998622996435989, 226.4084507042254
14.041291048047421, 211.0915492957747
14.042434580418915, 202.64084507042259
16.031108845222896, 206.33802816901414
16.032109436047953, 198.9436619718311
16.06963159198765, 221.65492957746488
17.97818712001372, 217.4295774647888
18.060878804627492, 206.33802816901414
18.10376126855858, 189.43661971830988
19.969791686519656, 199.47183098591557
20.00781413787189, 218.48591549295782
21.958537422096853, 202.64084507042259
21.959680954468354, 194.19014084507046
21.99763193504736, 213.73239436619724
23.905043930701936, 217.95774647887328
23.94814080695268, 199.47183098591557
23.948926985458087, 193.66197183098598
25.897363204940056, 194.718309859155
25.937100954849527, 201.05633802816908
25.97605252625359, 213.20422535211276
27.845370599782726, 198.9436619718311
27.88710953134231, 190.4929577464789
27.924631687282016, 213.20422535211276
29.875712325373073, 194.718309859155
29.876284091558823, 190.4929577464789
29.95433017591339, 213.73239436619724

