x    |  y
0.028334722861919737, 110.54010296115345
0.02929670419365138, 110.35206767684423
0.03244500673386508, 109.73667947365045
2.0224345706939646, 104.7600527049166
2.1476670495158006, 104.28127751120854
2.187458095510169, 104.50345438750941
4.160044542650753, 102.92855685309671
4.160919071134146, 102.75761568554287
4.197911625981656, 103.52680429801599
6.048064085447261, 101.8836702211391
6.08794258428997, 102.08875298068457
6.124760233440802, 102.89212982666845
6.170148261728884, 102.02028323062481
8.095859982159617, 101.60783227709726
8.096996869188029, 101.38560875927729
8.134601593973915, 102.03513855446272
8.13740008512077, 101.48812681829047
10.06005095585963, 101.67396995120131
10.06258708846147, 101.17824056529521
10.104302097119298, 101.02434687297765
12.1085464753587, 101.26137907311642
12.109683362387113, 101.03915555529643
12.110470438022165, 100.88530850449798
14.075448487357232, 100.7975991278036
14.114627363413224, 101.13943482139213
14.115676797593295, 100.93430542032755
16.08091720547338, 100.79531369336699
16.081616828260092, 100.65856075932393
16.12053334577107, 101.05167880317862
18.00514222748235, 100.67346272468095
18.08524903656112, 101.01525177675038
18.087960074859637, 100.4853341573335
20.051888690014632, 100.6027541817037
20.09176718885734, 100.80783694124918
22.0168667393497, 100.5150448050093
22.096711189883454, 100.90811620734488
24.10357915357303, 100.63232490482216
26.026317477160227, 100.8010739209776
26.068732108604777, 100.51042729461699
28.031786195276382, 100.798788486541
28.07446318526594, 100.45685950991424
30.079669544837074, 100.50585642574379

